list
600603
002109
600306
600099
002193
600213
002205
000856
000929
002057
002627
600985
000803
600444
600731
600234
000611
000785
000691
600746
600302
600605
600593
600148
600152
600719
600448
600137
600561
002679
600520
002796
002715
600725
600853
000995
002040
000985
600992
600796
000692
000711
600241
600760
002150
000737
600319
000713
600774
600051
002696
600301
000668
002365
600727
600791
600250
002058
600802
603088
600128
600706
600608
000153
600778
002136
000993
002435
600281
600781
600793
600356
002725
600513
600375
600080
600857
002159
002576
600505
002105
002061
600265
600810
002633
000707
600689
000593
600769
002088
002120
600189
002457
000609
600573
002200
002248
002499
600889
002529
603029
600167
000702
002598
600883
002743
002420
600962
600506
000605
002738
002265
000678
600218
000637
600615
002066
002580
600242
601996
002778
002760
600647
002125
600821
600355
600540
603223
603009
002144
600371
603822
000408
002350
002753
002637
600192
600275
002660
600345
600860
600423
600806
600101
603002
002620
000695
002755
600560
002652
000551
002082
600470
000710
600833
603828
603021
600202
000014
002034
600854
000430
600421
000544
600766
002731
600095
600359
002606
002723
000859
000862
603085
000809
600982
002748
600980
000419
600248
000628
600882
002417
600287
000721
000679
002395
603315
002054
600237
601177
603616
002087
002295
600082
002578
603333
002068
002377
000912
000023
600159
000978
002674
002455
000502
600969
000548
603889
600493
600178
601007
603011
600311
603726
002438
002026
603199
000715
000789
002599
002566
600354
603518
600249
002404
000510
000416
000753
603606
600463
600117
603988
000705
600293
002695
603003
002486
002213
600243
002119
603688
002015
600389
002693
603701
002732
002360
603696
002282
002734
002098
600866
600078
002669
000779
600272
002473
002060
002656
002328
002201
002336
002148
002495
600976
600830
600740
603066
000589
600379
000663
600361
000526
600721
603022
002795
000880
603030
600665
600353
002758
601798
000812
600558
000622
002532
600368
002149
002388
002187
002115
002313
002300
002541
000948
002780
002621
600378
000949
002553